Times = [0.00019999970391,  0.0162999984,  0.03280000016,  0.04899999871999999, 0.065499998629,  0.08179999887900001,  0.098399996758,  0.11479999869999999, 0.1312000006,  0.1473999918,  0.16380000114,  0.18039999901999998, 0.19649998844,  0.21319998800999998, 0.22939999402]
Amplitude = [5.36639977,  3.86879992, 2.83920002, 2.1527998, 1.716, 1.3728, 1.1544, 0.9359999895100001, 0.811199963093, 0.62399995327, 0.561599969864, 0.499199986458, 0.405599981546, 0.37439998983999995, 0.31199997663]